Multiple size <= 100
TEST 1 ARG:48 8 97 65 28 99 7 37 75 5 12 94 80 71 68 90 31 60 98 88 26 69 24 47 0 2 4 14 29 77 86 85 66 83 58 96 78 72 93 41 33 61 23 22 1 73 43 39 42 45 30 44 91 35 81 36 54 89 70 20 84 46 19 10 74 53 55 38 52 63 11 34 50 59 21 92 15 62 67 25 17 82 3 16 76 64 27 49 95 32 57 13 79 51 6 9 87 18 56 40 
TEST 4 ARG:48 71 3 58 96 42 85 13 73 17 53 87 32 7 43 39 74 5 63 23 55 77 40 4 98 1 65 83 69 84 93 49 16 79 10 6 50 29 44 2 97 33 72 51 62 12 91 0 35 38 94 21 60 99 37 20 89 19 68 82 54 26 46 31 81 15 70 8 76 80 66 57 64 11 25 45 56 86 92 88 22 14 34 28 41 27 90 78 61 24 75 30 18 47 59 52 36 9 95 67 
TEST 5 ARG:13 45 72 51 70 94 74 62 89 43 31 14 76 6 90 78 79 17 32 5 34 57 63 65 27 29 84 12 69 7 83 36 73 8 67 87 20 52 41 38 15 1 96 25 11 86 91 95 80 4 35 10 68 92 93 18 75 66 2 53 77 61 54 33 23 9 3 60 59 81 37 50 82 49 0 28 26 46 44 21 47 85 30 19 24 58 98 97 42 56 99 48 64 22 40 88 55 16 71 39 
TEST 16 ARG:24 10 43 54 84 20 42 82 32 25 16 28 70 87 89 57 59 77 39 78 55 68 37 60 81 69 35 98 85 30 19 17 79 67 99 3 22 95 0 41 2 14 71 8 94 64 44 1 21 65 96 18 4 66 58 62 92 90 50 29 7 61 53 45 76 6 34 72 48 13 51 97 63 46 15 93 38 40 27 31 73 47 23 56 80 91 5 88 33 52 75 83 9 86 36 49 12 26 11 74 
TEST 22 ARG:38 36 12 84 56 52 21 51 64 28 19 9 72 96 67 99 91 8 47 70 87 77 16 40 18 11 97 14 2 10 80 17 82 13 35 95 6 98 78 39 60 7 41 63 0 44 73 83 23 86 15 31 74 58 4 75 85 68 81 59 3 20 62 43 55 5 45 50 92 79 89 93 30 71 42 90 61 57 33 66 65 54 76 29 1 24 48 26 25 34 37 49 94 46 69 53 27 88 32 22 
TEST 23 ARG:81 42 60 28 83 58 16 77 67 11 66 79 43 78 90 37 84 82 47 32 59 80 5 33 12 29 53 96 0 71 23 49 93 4 13 95 62 6 63 34 74 70 51 40 18 72 10 39 50 30 45 85 75 68 25 54 52 27 15 1 3 69 73 44 26 7 99 38 46 35 31 24 91 57 94 9 56 17 86 65 92 20 48 89 2 88 97 98 87 61 64 36 21 55 41 8 76 19 14 22 
TEST 24 ARG:48 44 65 55 11 1 50 66 5 30 43 40 20 6 49 18 53 28 4 75 98 41 46 79 81 67 16 97 39 91 19 69 84 37 54 68 64 96 83 74 47 7 87 86 77 0 72 92 71 94 35 59 51 89 60 33 34 12 2 36 17 21 93 22 23 29 61 38 14 32 42 76 58 70 90 63 85 52 27 88 73 80 78 25 56 15 10 31 8 45 13 3 24 26 99 82 62 95 9 57 
TEST 29 ARG:91 27 29 2 33 1 71 26 56 87 83 5 22 90 23 13 65 68 63 24 17 97 28 51 25 52 77 99 84 46 15 9 50 6 79 62 3 74 0 8 92 70 64 32 78 16 20 86 37 14 67 59 85 43 54 93 11 69 76 45 7 80 12 57 40 30 73 10 55 38 98 49 42 95 96 82 66 60 21 94 44 18 39 72 75 34 35 31 41 58 47 81 36 53 61 4 89 48 88 19 
TEST 31 ARG:21 71 36 91 84 32 42 52 25 5 28 67 44 18 4 50 75 43 6 16 69 7 15 56 90 10 85 11 45 29 65 68 87 64 82 12 72 51 60 99 23 41 9 62 79 37 46 54 89 55 17 63 19 92 77 38 53 8 40 13 59 93 88 98 30 20 70 57 47 1 24 94 33 39 22 81 48 66 49 76 14 74 73 95 78 96 35 31 97 83 27 2 58 86 0 26 80 34 3 61 
TEST 37 ARG:25 75 61 42 27 80 89 83 31 98 15 64 30 29 35 72 12 82 77 39 19 0 92 8 93 87 84 18 41 68 21 28 53 17 66 52 46 48 36 22 79 14 32 63 62 43 58 45 37 24 7 49 34 94 73 23 38 47 70 60 16 99 59 74 33 90 55 57 85 76 50 4 97 10 26 88 11 6 91 40 71 69 78 9 96 65 3 1 86 13 81 51 67 44 56 5 54 20 2 95 
TEST 59 ARG:45 1 73 99 70 29 38 33 40 28 43 16 51 27 55 94 35 65 53 97 89 78 26 98 24 67 77 74 68 92 63 30 10 21 4 91 20 50 31 58 87 88 62 12 13 82 5 37 93 64 46 57 23 3 2 41 95 75 90 36 86 71 79 18 32 7 56 17 96 34 59 81 52 83 66 84 8 44 9 61 42 47 22 11 14 72 54 80 25 60 85 69 15 76 39 6 0 48 49 19 
